Testing SVM for RAD
SVC(C=0.001)
Precision:  [1.         0.57142857 0.55555556 0.75       0.5        0.46153846]
Accuracy:  0.625
Confusion Matrix:
 [[7 1 0 0 0 0]
 [0 4 3 1 0 0]
 [0 0 5 0 1 2]
 [0 0 1 6 0 1]
 [0 1 0 1 2 4]
 [0 1 0 0 1 6]]
SVC(C=0.01)
Precision:  [1.         0.57142857 0.55555556 0.75       0.5        0.46153846]
Accuracy:  0.625
Confusion Matrix:
 [[7 1 0 0 0 0]
 [0 4 3 1 0 0]
 [0 0 5 0 1 2]
 [0 0 1 6 0 1]
 [0 1 0 1 2 4]
 [0 1 0 0 1 6]]
SVC(C=0.1)
Precision:  [1.         0.57142857 0.55555556 0.75       0.5        0.46153846]
Accuracy:  0.625
Confusion Matrix:
 [[7 1 0 0 0 0]
 [0 4 3 1 0 0]
 [0 0 5 0 1 2]
 [0 0 1 6 0 1]
 [0 1 0 1 2 4]
 [0 1 0 0 1 6]]
SVC(C=1)
Precision:  [1.         0.5        0.5        0.85714286 0.57142857 0.36363636]
Accuracy:  0.6041666666666666
Confusion Matrix:
 [[7 1 0 0 0 0]
 [0 5 1 1 0 1]
 [0 1 3 0 1 3]
 [0 0 1 6 0 1]
 [0 1 1 0 4 2]
 [0 2 0 0 2 4]]
SVC(C=10)
Precision:  [1.         0.42857143 1.         0.85714286 0.5        0.4       ]
Accuracy:  0.6041666666666666
Confusion Matrix:
 [[8 0 0 0 0 0]
 [0 6 0 1 0 1]
 [0 2 1 0 2 3]
 [0 1 0 6 0 1]
 [0 3 0 0 4 1]
 [0 2 0 0 2 4]]
SVC(C=100)
Precision:  [1.         0.42857143 1.         0.85714286 0.5        0.4       ]
Accuracy:  0.6041666666666666
Confusion Matrix:
 [[8 0 0 0 0 0]
 [0 6 0 1 0 1]
 [0 2 1 0 2 3]
 [0 1 0 6 0 1]
 [0 3 0 0 4 1]
 [0 2 0 0 2 4]]
SVC(C=1000)
Precision:  [1.         0.42857143 1.         0.85714286 0.5        0.4       ]
Accuracy:  0.6041666666666666
Confusion Matrix:
 [[8 0 0 0 0 0]
 [0 6 0 1 0 1]
 [0 2 1 0 2 3]
 [0 1 0 6 0 1]
 [0 3 0 0 4 1]
 [0 2 0 0 2 4]]
SVC()
Precision:  [1.         0.5        0.5        0.85714286 0.57142857 0.36363636]
Accuracy:  0.6041666666666666
Confusion Matrix:
 [[7 1 0 0 0 0]
 [0 5 1 1 0 1]
 [0 1 3 0 1 3]
 [0 0 1 6 0 1]
 [0 1 1 0 4 2]
 [0 2 0 0 2 4]]
SVC(kernel='linear')
Precision:  [0.77777778 0.25       0.8        0.63636364 0.5        0.44444444]
Accuracy:  0.5625
Confusion Matrix:
 [[7 1 0 0 0 0]
 [2 2 1 3 0 0]
 [0 0 4 0 1 3]
 [0 0 0 7 0 1]
 [0 4 0 0 3 1]
 [0 1 0 1 2 4]]
SVC(kernel='poly')
Precision:  [0.8        0.4        0.625      0.54545455 0.66666667 0.45454545]
Accuracy:  0.5833333333333334
Confusion Matrix:
 [[8 0 0 0 0 0]
 [2 2 1 3 0 0]
 [0 0 5 0 0 3]
 [0 0 2 6 0 0]
 [0 1 0 2 2 3]
 [0 2 0 0 1 5]]
SVC(kernel='sigmoid')
Precision:  [0.875      0.25       0.66666667 0.53846154 0.6        0.5       ]
Accuracy:  0.5625
Confusion Matrix:
 [[7 1 0 0 0 0]
 [1 2 2 3 0 0]
 [0 0 4 1 1 2]
 [0 0 0 7 0 1]
 [0 3 0 1 3 1]
 [0 2 0 1 1 4]]
SVC(gamma='auto')
Precision:  [0.7        0.2        0.71428571 0.46666667 0.         0.45454545]
Accuracy:  0.5208333333333334
Confusion Matrix:
 [[7 1 0 0 0 0]
 [2 1 1 4 0 0]
 [0 0 5 1 0 2]
 [0 0 0 7 0 1]
 [1 1 1 2 0 3]
 [0 2 0 1 0 5]]
SVC(gamma=1)
Precision:  [0.875      0.57142857 0.55555556 0.85714286 0.5        0.46153846]
Accuracy:  0.625
Confusion Matrix:
 [[7 1 0 0 0 0]
 [1 4 2 1 0 0]
 [0 0 5 0 1 2]
 [0 0 1 6 0 1]
 [0 1 1 0 2 4]
 [0 1 0 0 1 6]]
SVC(gamma=0.1)
Precision:  [0.7        0.2        0.71428571 0.46666667 0.         0.45454545]
Accuracy:  0.5208333333333334
Confusion Matrix:
 [[7 1 0 0 0 0]
 [2 1 1 4 0 0]
 [0 0 5 1 0 2]
 [0 0 0 7 0 1]
 [1 1 1 2 0 3]
 [0 2 0 1 0 5]]
SVC(gamma=0.02)
Precision:  [0.7        0.2        0.71428571 0.46666667 0.         0.45454545]
Accuracy:  0.5208333333333334
Confusion Matrix:
 [[7 1 0 0 0 0]
 [2 1 1 4 0 0]
 [0 0 5 1 0 2]
 [0 0 0 7 0 1]
 [1 1 1 2 0 3]
 [0 2 0 1 0 5]]
SVC(gamma=0.001)
Precision:  [0.7        0.2        0.71428571 0.46666667 0.         0.45454545]
Accuracy:  0.5208333333333334
Confusion Matrix:
 [[7 1 0 0 0 0]
 [2 1 1 4 0 0]
 [0 0 5 1 0 2]
 [0 0 0 7 0 1]
 [1 1 1 2 0 3]
 [0 2 0 1 0 5]]



#########################################################################################



Testing SVM for HJPD
SVC(C=0.001)
Precision:  [0.16666667 0.         0.         0.         0.         0.        ]
Accuracy:  0.16666666666666666
Confusion Matrix:
 [[8 0 0 0 0 0]
 [8 0 0 0 0 0]
 [8 0 0 0 0 0]
 [8 0 0 0 0 0]
 [8 0 0 0 0 0]
 [8 0 0 0 0 0]]
SVC(C=0.01)
Precision:  [0.16666667 0.         0.         0.         0.         0.        ]
Accuracy:  0.16666666666666666
Confusion Matrix:
 [[8 0 0 0 0 0]
 [8 0 0 0 0 0]
 [8 0 0 0 0 0]
 [8 0 0 0 0 0]
 [8 0 0 0 0 0]
 [8 0 0 0 0 0]]
SVC(C=0.1)
Precision:  [0.16666667 0.         0.         0.         0.         0.        ]
Accuracy:  0.16666666666666666
Confusion Matrix:
 [[8 0 0 0 0 0]
 [8 0 0 0 0 0]
 [8 0 0 0 0 0]
 [8 0 0 0 0 0]
 [8 0 0 0 0 0]
 [8 0 0 0 0 0]]
SVC(C=1)
Precision:  [0.16666667 0.         0.         0.         0.         0.        ]
Accuracy:  0.16666666666666666
Confusion Matrix:
 [[8 0 0 0 0 0]
 [8 0 0 0 0 0]
 [8 0 0 0 0 0]
 [8 0 0 0 0 0]
 [8 0 0 0 0 0]
 [8 0 0 0 0 0]]
SVC(C=10)
Precision:  [0.16666667 0.         0.         0.         0.         0.        ]
Accuracy:  0.16666666666666666
Confusion Matrix:
 [[8 0 0 0 0 0]
 [8 0 0 0 0 0]
 [8 0 0 0 0 0]
 [8 0 0 0 0 0]
 [8 0 0 0 0 0]
 [8 0 0 0 0 0]]
SVC(C=100)
Precision:  [0.         0.         0.         0.         0.         0.16666667]
Accuracy:  0.16666666666666666
Confusion Matrix:
 [[0 0 0 0 0 8]
 [0 0 0 0 0 8]
 [0 0 0 0 0 8]
 [0 0 0 0 0 8]
 [0 0 0 0 0 8]
 [0 0 0 0 0 8]]
SVC(C=1000)
Precision:  [0.         0.         0.         0.         0.         0.16666667]
Accuracy:  0.16666666666666666
Confusion Matrix:
 [[0 0 0 0 0 8]
 [0 0 0 0 0 8]
 [0 0 0 0 0 8]
 [0 0 0 0 0 8]
 [0 0 0 0 0 8]
 [0 0 0 0 0 8]]
SVC()
Precision:  [0.16666667 0.         0.         0.         0.         0.        ]
Accuracy:  0.16666666666666666
Confusion Matrix:
 [[8 0 0 0 0 0]
 [8 0 0 0 0 0]
 [8 0 0 0 0 0]
 [8 0 0 0 0 0]
 [8 0 0 0 0 0]
 [8 0 0 0 0 0]]
SVC(kernel='linear')
Precision:  [0.16666667 0.         0.         0.         0.         0.        ]
Accuracy:  0.16666666666666666
Confusion Matrix:
 [[8 0 0 0 0 0]
 [8 0 0 0 0 0]
 [8 0 0 0 0 0]
 [8 0 0 0 0 0]
 [8 0 0 0 0 0]
 [8 0 0 0 0 0]]
SVC(kernel='poly')
Precision:  [0.16666667 0.         0.         0.         0.         0.        ]
Accuracy:  0.16666666666666666
Confusion Matrix:
 [[8 0 0 0 0 0]
 [8 0 0 0 0 0]
 [8 0 0 0 0 0]
 [8 0 0 0 0 0]
 [8 0 0 0 0 0]
 [8 0 0 0 0 0]]
SVC(kernel='sigmoid')
Precision:  [0.16666667 0.         0.         0.         0.         0.        ]
Accuracy:  0.16666666666666666
Confusion Matrix:
 [[8 0 0 0 0 0]
 [8 0 0 0 0 0]
 [8 0 0 0 0 0]
 [8 0 0 0 0 0]
 [8 0 0 0 0 0]
 [8 0 0 0 0 0]]
SVC(gamma='auto')
Precision:  [0.16666667 0.         0.         0.         0.         0.        ]
Accuracy:  0.16666666666666666
Confusion Matrix:
 [[8 0 0 0 0 0]
 [8 0 0 0 0 0]
 [8 0 0 0 0 0]
 [8 0 0 0 0 0]
 [8 0 0 0 0 0]
 [8 0 0 0 0 0]]
SVC(gamma=1)
Precision:  [0.15384615 0.         0.         0.         0.         0.22727273]
Accuracy:  0.1875
Confusion Matrix:
 [[4 0 0 0 0 4]
 [4 0 0 0 0 4]
 [6 0 0 0 0 2]
 [4 0 0 0 0 4]
 [5 0 0 0 0 3]
 [3 0 0 0 0 5]]
SVC(gamma=0.1)
Precision:  [0.16666667 0.         0.         0.         0.         0.        ]
Accuracy:  0.16666666666666666
Confusion Matrix:
 [[8 0 0 0 0 0]
 [8 0 0 0 0 0]
 [8 0 0 0 0 0]
 [8 0 0 0 0 0]
 [8 0 0 0 0 0]
 [8 0 0 0 0 0]]
SVC(gamma=0.02)
Precision:  [0.16666667 0.         0.         0.         0.         0.        ]
Accuracy:  0.16666666666666666
Confusion Matrix:
 [[8 0 0 0 0 0]
 [8 0 0 0 0 0]
 [8 0 0 0 0 0]
 [8 0 0 0 0 0]
 [8 0 0 0 0 0]
 [8 0 0 0 0 0]]
SVC(gamma=0.001)
Precision:  [0.16666667 0.         0.         0.         0.         0.        ]
Accuracy:  0.16666666666666666
Confusion Matrix:
 [[8 0 0 0 0 0]
 [8 0 0 0 0 0]
 [8 0 0 0 0 0]
 [8 0 0 0 0 0]
 [8 0 0 0 0 0]
 [8 0 0 0 0 0]]