SVM results for RAD
Best SVM found (rbf): SVC(C=0.6, gamma=1)
Precision: [1.         0.66666667 0.5        0.75       1.         0.46666667]
Accuracy: 0.6458333333333334
Confusion Matrix:
[[8 0 0 0 0 0]
 [0 4 3 1 0 0]
 [0 1 5 0 0 2]
 [0 0 1 6 0 1]
 [0 0 1 1 1 5]
 [0 1 0 0 0 7]]
SVC(C=1e-09)
Precision: [1.         0.57142857 0.55555556 0.75       0.5        0.46153846]
Accuracy: 0.625
Confusion Matrix:
[[7 1 0 0 0 0]
 [0 4 3 1 0 0]
 [0 0 5 0 1 2]
 [0 0 1 6 0 1]
 [0 1 0 1 2 4]
 [0 1 0 0 1 6]]
SVC(C=0.001)
Precision: [1.         0.57142857 0.55555556 0.75       0.5        0.46153846]
Accuracy: 0.625
Confusion Matrix:
[[7 1 0 0 0 0]
 [0 4 3 1 0 0]
 [0 0 5 0 1 2]
 [0 0 1 6 0 1]
 [0 1 0 1 2 4]
 [0 1 0 0 1 6]]
SVC(C=0.1)
Precision: [1.         0.57142857 0.55555556 0.75       0.5        0.46153846]
Accuracy: 0.625
Confusion Matrix:
[[7 1 0 0 0 0]
 [0 4 3 1 0 0]
 [0 0 5 0 1 2]
 [0 0 1 6 0 1]
 [0 1 0 1 2 4]
 [0 1 0 0 1 6]]
SVC(C=1)
Precision: [1.         0.5        0.5        0.85714286 0.57142857 0.36363636]
Accuracy: 0.6041666666666666
Confusion Matrix:
[[7 1 0 0 0 0]
 [0 5 1 1 0 1]
 [0 1 3 0 1 3]
 [0 0 1 6 0 1]
 [0 1 1 0 4 2]
 [0 2 0 0 2 4]]
SVC(C=100)
Precision: [1.         0.42857143 1.         0.85714286 0.5        0.4       ]
Accuracy: 0.6041666666666666
Confusion Matrix:
[[8 0 0 0 0 0]
 [0 6 0 1 0 1]
 [0 2 1 0 2 3]
 [0 1 0 6 0 1]
 [0 3 0 0 4 1]
 [0 2 0 0 2 4]]
SVC(C=1000)
Precision: [1.         0.42857143 1.         0.85714286 0.5        0.4       ]
Accuracy: 0.6041666666666666
Confusion Matrix:
[[8 0 0 0 0 0]
 [0 6 0 1 0 1]
 [0 2 1 0 2 3]
 [0 1 0 6 0 1]
 [0 3 0 0 4 1]
 [0 2 0 0 2 4]]
SVC()
Precision: [1.         0.5        0.5        0.85714286 0.57142857 0.36363636]
Accuracy: 0.6041666666666666
Confusion Matrix:
[[7 1 0 0 0 0]
 [0 5 1 1 0 1]
 [0 1 3 0 1 3]
 [0 0 1 6 0 1]
 [0 1 1 0 4 2]
 [0 2 0 0 2 4]]
SVC(kernel='linear')
Precision: [0.77777778 0.25       0.8        0.63636364 0.5        0.44444444]
Accuracy: 0.5625
Confusion Matrix:
[[7 1 0 0 0 0]
 [2 2 1 3 0 0]
 [0 0 4 0 1 3]
 [0 0 0 7 0 1]
 [0 4 0 0 3 1]
 [0 1 0 1 2 4]]
SVC(kernel='poly')
Precision: [0.8        0.4        0.625      0.54545455 0.66666667 0.45454545]
Accuracy: 0.5833333333333334
Confusion Matrix:
[[8 0 0 0 0 0]
 [2 2 1 3 0 0]
 [0 0 5 0 0 3]
 [0 0 2 6 0 0]
 [0 1 0 2 2 3]
 [0 2 0 0 1 5]]
SVC(kernel='sigmoid')
Precision: [0.875      0.25       0.66666667 0.53846154 0.6        0.5       ]
Accuracy: 0.5625
Confusion Matrix:
[[7 1 0 0 0 0]
 [1 2 2 3 0 0]
 [0 0 4 1 1 2]
 [0 0 0 7 0 1]
 [0 3 0 1 3 1]
 [0 2 0 1 1 4]]
SVC(gamma='auto')
Precision: [0.7        0.2        0.71428571 0.46666667 0.         0.45454545]
Accuracy: 0.5208333333333334
Confusion Matrix:
[[7 1 0 0 0 0]
 [2 1 1 4 0 0]
 [0 0 5 1 0 2]
 [0 0 0 7 0 1]
 [1 1 1 2 0 3]
 [0 2 0 1 0 5]]
SVC(gamma=1000)
Precision: [1.         0.         0.         0.7        0.         0.26666667]
Accuracy: 0.4791666666666667
Confusion Matrix:
[[8 0 0 0 0 0]
 [0 0 0 2 0 6]
 [0 0 0 0 0 8]
 [0 0 0 7 0 1]
 [0 0 0 1 0 7]
 [0 0 0 0 0 8]]
SVC(gamma=10)
Precision: [1.         0.25       0.         1.         0.         0.11111111]
Accuracy: 0.2916666666666667
Confusion Matrix:
[[4 3 0 0 0 1]
 [0 4 1 0 3 0]
 [0 2 0 0 4 2]
 [0 1 2 5 0 0]
 [0 3 0 0 0 5]
 [0 3 0 0 4 1]]
SVC(gamma=5)
Precision: [1.         0.38888889 0.         0.85714286 0.25       0.2       ]
Accuracy: 0.4791666666666667
Confusion Matrix:
[[7 1 0 0 0 0]
 [0 7 1 0 0 0]
 [0 3 0 0 2 3]
 [0 1 1 6 0 0]
 [0 1 0 1 1 5]
 [0 5 0 0 1 2]]
SVC(gamma=1)
Precision: [0.875      0.57142857 0.55555556 0.85714286 0.5        0.46153846]
Accuracy: 0.625
Confusion Matrix:
[[7 1 0 0 0 0]
 [1 4 2 1 0 0]
 [0 0 5 0 1 2]
 [0 0 1 6 0 1]
 [0 1 1 0 2 4]
 [0 1 0 0 1 6]]
SVC(gamma=0.71)
Precision: [0.875      0.4        0.5        0.85714286 0.5        0.54545455]
Accuracy: 0.6041666666666666
Confusion Matrix:
[[7 1 0 0 0 0]
 [1 4 2 1 0 0]
 [0 1 4 0 1 2]
 [0 0 1 6 0 1]
 [0 3 1 0 2 2]
 [0 1 0 0 1 6]]
SVC(gamma=0.715)
Precision: [0.875      0.4        0.5        0.85714286 0.5        0.54545455]
Accuracy: 0.6041666666666666
Confusion Matrix:
[[7 1 0 0 0 0]
 [1 4 2 1 0 0]
 [0 1 4 0 1 2]
 [0 0 1 6 0 1]
 [0 3 1 0 2 2]
 [0 1 0 0 1 6]]
SVC(gamma=0.3)
Precision: [0.88888889 0.25       0.625      0.46666667 1.         0.45454545]
Accuracy: 0.5625
Confusion Matrix:
[[8 0 0 0 0 0]
 [1 1 2 4 0 0]
 [0 0 5 1 0 2]
 [0 0 0 7 0 1]
 [0 1 1 2 1 3]
 [0 2 0 1 0 5]]
SVC(gamma=0.1)
Precision: [0.7        0.2        0.71428571 0.46666667 0.         0.45454545]
Accuracy: 0.5208333333333334
Confusion Matrix:
[[7 1 0 0 0 0]
 [2 1 1 4 0 0]
 [0 0 5 1 0 2]
 [0 0 0 7 0 1]
 [1 1 1 2 0 3]
 [0 2 0 1 0 5]]
SVC(gamma=0.02)
Precision: [0.7        0.2        0.71428571 0.46666667 0.         0.45454545]
Accuracy: 0.5208333333333334
Confusion Matrix:
[[7 1 0 0 0 0]
 [2 1 1 4 0 0]
 [0 0 5 1 0 2]
 [0 0 0 7 0 1]
 [1 1 1 2 0 3]
 [0 2 0 1 0 5]]
SVC(gamma=0.001)
Precision: [0.7        0.2        0.71428571 0.46666667 0.         0.45454545]
Accuracy: 0.5208333333333334
Confusion Matrix:
[[7 1 0 0 0 0]
 [2 1 1 4 0 0]
 [0 0 5 1 0 2]
 [0 0 0 7 0 1]
 [1 1 1 2 0 3]
 [0 2 0 1 0 5]]



#####################################################################################



SVM results for Custom
Best SVM found (rbf): SVC(C=1.4, gamma=1.4428277988297817)
Precision: [0.875      0.57142857 0.4        1.         0.5        0.4       ]
Accuracy: 0.6041666666666666
Confusion Matrix:
[[7 0 0 0 1 0]
 [1 4 1 0 1 1]
 [0 1 2 0 2 3]
 [0 0 1 6 0 1]
 [0 1 0 0 6 1]
 [0 1 1 0 2 4]]
SVC(C=1e-09)
Precision: [1.         0.375      0.375      0.85714286 0.4        0.42857143]
Accuracy: 0.5625
Confusion Matrix:
[[8 0 0 0 0 0]
 [0 3 3 0 1 1]
 [0 0 3 1 3 1]
 [0 1 1 6 0 0]
 [0 2 0 0 4 2]
 [0 2 1 0 2 3]]
SVC(C=0.001)
Precision: [1.         0.375      0.375      0.85714286 0.4        0.42857143]
Accuracy: 0.5625
Confusion Matrix:
[[8 0 0 0 0 0]
 [0 3 3 0 1 1]
 [0 0 3 1 3 1]
 [0 1 1 6 0 0]
 [0 2 0 0 4 2]
 [0 2 1 0 2 3]]
SVC(C=0.1)
Precision: [1.         0.375      0.375      0.85714286 0.4        0.42857143]
Accuracy: 0.5625
Confusion Matrix:
[[8 0 0 0 0 0]
 [0 3 3 0 1 1]
 [0 0 3 1 3 1]
 [0 1 1 6 0 0]
 [0 2 0 0 4 2]
 [0 2 1 0 2 3]]
SVC(C=1)
Precision: [0.875      0.36363636 0.4        1.         0.4        0.375     ]
Accuracy: 0.5416666666666666
Confusion Matrix:
[[7 1 0 0 0 0]
 [1 4 1 0 1 1]
 [0 1 2 0 3 2]
 [0 1 1 6 0 0]
 [0 2 0 0 4 2]
 [0 2 1 0 2 3]]
SVC(C=100)
Precision: [0.875      0.5        0.4        1.         0.5        0.44444444]
Accuracy: 0.6041666666666666
Confusion Matrix:
[[7 0 0 0 1 0]
 [1 4 1 0 1 1]
 [0 2 2 0 2 2]
 [0 0 1 6 0 1]
 [0 1 0 0 6 1]
 [0 1 1 0 2 4]]
SVC(C=1000)
Precision: [0.875      0.5        0.4        1.         0.5        0.44444444]
Accuracy: 0.6041666666666666
Confusion Matrix:
[[7 0 0 0 1 0]
 [1 4 1 0 1 1]
 [0 2 2 0 2 2]
 [0 0 1 6 0 1]
 [0 1 0 0 6 1]
 [0 1 1 0 2 4]]
SVC()
Precision: [0.875      0.36363636 0.4        1.         0.4        0.375     ]
Accuracy: 0.5416666666666666
Confusion Matrix:
[[7 1 0 0 0 0]
 [1 4 1 0 1 1]
 [0 1 2 0 3 2]
 [0 1 1 6 0 0]
 [0 2 0 0 4 2]
 [0 2 1 0 2 3]]
SVC(kernel='linear')
Precision: [0.85714286 0.2        0.4        0.5        0.8        0.5       ]
Accuracy: 0.5
Confusion Matrix:
[[6 2 0 0 0 0]
 [1 2 3 1 0 1]
 [0 0 4 3 0 1]
 [0 1 2 5 0 0]
 [0 2 0 1 4 1]
 [0 3 1 0 1 3]]
SVC(kernel='poly')
Precision: [0.66666667 0.33333333 0.42857143 0.53846154 0.66666667 0.5       ]
Accuracy: 0.5416666666666666
Confusion Matrix:
[[8 0 0 0 0 0]
 [3 1 2 1 0 1]
 [1 0 3 3 0 1]
 [0 0 1 7 0 0]
 [0 1 0 2 2 3]
 [0 1 1 0 1 5]]
SVC(kernel='sigmoid')
Precision: [0.8        0.11111111 0.375      0.54545455 0.5        0.4       ]
Accuracy: 0.4375
Confusion Matrix:
[[4 2 0 1 0 1]
 [1 1 3 2 0 1]
 [0 0 3 2 2 1]
 [0 1 1 6 0 0]
 [0 3 0 0 5 0]
 [0 2 1 0 3 2]]
SVC(gamma='auto')
Precision: [0.625      0.16666667 0.26666667 0.44444444 0.57142857 0.66666667]
Accuracy: 0.4166666666666667
Confusion Matrix:
[[5 2 0 1 0 0]
 [2 1 5 0 0 0]
 [1 0 4 3 0 0]
 [0 0 4 4 0 0]
 [0 1 1 1 4 1]
 [0 2 1 0 3 2]]
SVC(gamma=1000)
Precision: [1.         0.         0.         0.55555556 0.         0.25      ]
Accuracy: 0.3958333333333333
Confusion Matrix:
[[6 0 1 1 0 0]
 [0 0 0 1 0 7]
 [0 0 0 0 0 8]
 [0 0 0 5 0 3]
 [0 0 0 2 0 6]
 [0 0 0 0 0 8]]
SVC(gamma=10)
Precision: [1.         0.26086957 0.         1.         0.66666667 0.42857143]
Accuracy: 0.5208333333333334
Confusion Matrix:
[[7 1 0 0 0 0]
 [0 6 0 0 0 2]
 [0 6 0 0 2 0]
 [0 2 0 5 0 1]
 [0 3 0 0 4 1]
 [0 5 0 0 0 3]]
SVC(gamma=5)
Precision: [1.         0.46153846 0.         1.         0.38461538 0.33333333]
Accuracy: 0.5625
Confusion Matrix:
[[7 0 0 0 1 0]
 [0 6 0 0 1 1]
 [0 3 0 0 4 1]
 [0 1 0 6 0 1]
 [0 0 0 0 5 3]
 [0 3 0 0 2 3]]
SVC(gamma=1)
Precision: [0.85714286 0.22222222 0.375      0.85714286 0.44444444 0.375     ]
Accuracy: 0.5
Confusion Matrix:
[[6 2 0 0 0 0]
 [1 2 3 0 1 1]
 [0 0 3 1 2 2]
 [0 1 1 6 0 0]
 [0 2 0 0 4 2]
 [0 2 1 0 2 3]]
SVC(gamma=0.71)
Precision: [0.85714286 0.22222222 0.33333333 0.75       0.5        0.42857143]
Accuracy: 0.5
Confusion Matrix:
[[6 2 0 0 0 0]
 [1 2 4 0 0 1]
 [0 0 3 2 2 1]
 [0 1 1 6 0 0]
 [0 2 0 0 4 2]
 [0 2 1 0 2 3]]
SVC(gamma=0.715)
Precision: [0.85714286 0.22222222 0.33333333 0.75       0.5        0.42857143]
Accuracy: 0.5
Confusion Matrix:
[[6 2 0 0 0 0]
 [1 2 4 0 0 1]
 [0 0 3 2 2 1]
 [0 1 1 6 0 0]
 [0 2 0 0 4 2]
 [0 2 1 0 2 3]]
SVC(gamma=0.3)
Precision: [0.57142857 0.2        0.33333333 0.375      0.5        0.66666667]
Accuracy: 0.4166666666666667
Confusion Matrix:
[[4 1 0 3 0 0]
 [2 1 3 2 0 0]
 [1 0 3 3 1 0]
 [0 0 2 6 0 0]
 [0 1 0 2 4 1]
 [0 2 1 0 3 2]]
SVC(gamma=0.1)
Precision: [0.625      0.25       0.30769231 0.38461538 0.57142857 0.66666667]
Accuracy: 0.4375
Confusion Matrix:
[[5 0 0 3 0 0]
 [2 1 4 1 0 0]
 [1 0 4 3 0 0]
 [0 0 3 5 0 0]
 [0 1 1 1 4 1]
 [0 2 1 0 3 2]]
SVC(gamma=0.02)
Precision: [0.625      0.16666667 0.26666667 0.44444444 0.57142857 0.66666667]
Accuracy: 0.4166666666666667
Confusion Matrix:
[[5 2 0 1 0 0]
 [2 1 5 0 0 0]
 [1 0 4 3 0 0]
 [0 0 4 4 0 0]
 [0 1 1 1 4 1]
 [0 2 1 0 3 2]]
SVC(gamma=0.001)
Precision: [0.625      0.16666667 0.26666667 0.44444444 0.57142857 0.66666667]
Accuracy: 0.4166666666666667
Confusion Matrix:
[[5 2 0 1 0 0]
 [2 1 5 0 0 0]
 [1 0 4 3 0 0]
 [0 0 4 4 0 0]
 [0 1 1 1 4 1]
 [0 2 1 0 3 2]]